1,fe,
2,a0,4,
2,0,0,
5,dc,a1,10,0,0,
3,0,0,c7,
1,45,
1,a0,
2,4,0,
10,0,dc,a1,10,0,0,0,0,c7,45,
1,a0,
9,4,0,0,dc,a1,10,0,0,0,
3,0,c7,45,
2,a0,4,
5,0,0,dc,a1,10,
2,0,0,
4,0,0,c7,45,
1,a0,
2,4,0,
4,0,dc,a1,10,
3,0,0,0,
3,0,c7,45,
4,a0,4,0,0,
3,dc,a1,10,
4,0,0,0,0,
2,c7,45,
4,a0,4,0,0,
3,dc,a1,10,
3,0,0,0,
3,0,c7,45,
3,a0,4,0,
4,0,dc,a1,10,
3,0,0,0,
3,0,c7,45,
3,a0,4,0,
3,0,dc,a1,
4,10,0,0,0,
3,0,c7,45,
3,a0,4,0,
3,0,dc,a1,
3,10,0,0,
4,0,0,c7,45,
2,a0,4,
4,0,0,dc,a1,
3,10,0,0,
4,0,0,c7,45,
2,a0,4,
5,0,0,dc,a1,10,
2,0,0,
4,0,0,c7,45,
1,a0,
4,4,0,0,dc,
4,a1,10,0,0,
4,0,0,c7,45,
3,a0,4,0,
2,0,dc,
4,a1,10,0,0,
3,0,0,c7,
1,45,
2,a0,4,
2,0,0,
4,dc,a1,10,0,
4,0,0,0,c7,
1,45,
2,a0,4,
2,0,0,
4,dc,a1,10,0,
4,0,0,0,c7,
1,45,
2,a0,4,
2,0,0,
4,dc,a1,10,0,
4,0,0,0,c7,
1,45,
2,a0,4,
2,0,0,
4,dc,a1,10,0,
4,0,0,0,c7,
1,45,
2,a0,4,
2,0,0,
4,dc,a1,10,0,
4,0,0,0,c7,
1,45,
3,a0,4,0,
2,0,dc,
3,a1,10,0,
4,0,0,0,c7,
1,45,
3,a0,4,0,
2,0,dc,
3,a1,10,0,
3,0,0,0,
2,c7,45,
1,a0,
2,4,0,
4,0,dc,a1,10,
6,0,0,0,0,c7,45,
1,a0,
2,4,0,
4,0,dc,a1,10,
4,0,0,0,0,
2,c7,45,
2,a0,4,
2,0,0,
3,dc,a1,10,
4,0,0,0,0,
2,c7,45,
1,a0,
1,4,
4,0,0,dc,a1,
4,10,0,0,0,
3,0,c7,45,
3,a0,4,0,
10,0,dc,a1,10,0,0,0,0,c7,45,
3,a0,4,0,
2,0,dc,
4,a1,10,0,0,
3,0,0,c7,
1,45,
3,a0,4,0,
2,0,dc,
4,a1,10,0,0,
3,0,0,c7,
1,45,
1,a0,
2,4,0,
4,0,dc,a1,10,
4,0,0,0,0,
2,c7,45,
2,a0,4,
2,0,0,
3,dc,a1,10,
4,0,0,0,0,
2,c7,45,
2,a0,4,
2,0,0,
3,dc,a1,10,
4,0,0,0,0,
2,c7,45,
1,a0,
2,4,0,
4,0,dc,a1,10,
3,0,0,0,
3,0,c7,45,
3,a0,4,0,
3,0,dc,a1,
2,10,0,
4,0,0,0,c7,
1,45,
2,a0,4,
2,0,0,
4,dc,a1,10,0,
4,0,0,0,c7,
1,45,
2,a0,4,
2,0,0,
4,dc,a1,10,0,
4,0,0,0,c7,
1,45,
3,a0,4,0,
2,0,dc,
4,a1,10,0,0,
3,0,0,c7,
1,45,
2,a0,4,
2,0,0,
9,dc,a1,10,0,0,0,0,c7,45,
2,a0,4,
11,0,0,dc,a1,10,0,0,0,0,c7,45,
1,a0,
12,4,0,0,dc,a1,10,0,0,0,0,c7,45,
2,a0,4,
2,0,0,
4,dc,a1,10,0,
4,0,0,0,c7,
1,45,
2,a0,4,
3,0,0,dc,
2,a1,10,
4,0,0,0,0,
2,c7,45,
1,a0,
2,4,0,
4,0,dc,a1,10,
4,0,0,0,0,
2,c7,45,
3,a0,4,0,
2,0,dc,
4,a1,10,0,0,
3,0,0,c7,
1,45,
2,a0,4,
2,0,0,
4,dc,a1,10,0,
4,0,0,0,c7,
1,45,
2,a0,4,
2,0,0,
4,dc,a1,10,0,
4,0,0,0,c7,
1,45,
2,a0,4,
2,0,0,
4,dc,a1,10,0,
4,0,0,0,c7,
1,45,
2,a0,4,
2,0,0,
4,dc,a1,10,0,
4,0,0,0,c7,
1,45,
2,a0,4,
2,0,0,
4,dc,a1,10,0,
4,0,0,0,c7,
1,45,
4,a0,4,0,0,
4,dc,a1,10,0,
4,0,0,0,c7,
1,45,
3,a0,4,0,
5,0,dc,a1,10,0,
3,0,0,0,
2,c7,45,
3,a0,4,0,
5,0,dc,a1,10,0,
3,0,0,0,
2,c7,45,
4,a0,4,0,0,
3,dc,a1,10,
4,0,0,0,0,
2,c7,45,
3,a0,4,0,
4,0,dc,a1,10,
4,0,0,0,0,
2,c7,45,
3,a0,4,0,
4,0,dc,a1,10,
3,0,0,0,
3,0,c7,45,
3,a0,4,0,
4,0,dc,a1,10,
3,0,0,0,
3,0,c7,45,
3,a0,4,0,
3,0,dc,a1,
4,10,0,0,0,
3,0,c7,45,
4,a0,4,0,0,
2,dc,a1,
4,10,0,0,0,
3,0,c7,45,
4,a0,4,0,0,
2,dc,a1,
3,10,0,0,
4,0,0,c7,45,
3,a0,4,0,
3,0,dc,a1,
3,10,0,0,
4,0,0,c7,45,
2,a0,4,
4,0,0,dc,a1,
3,10,0,0,
4,0,0,c7,45,
3,a0,4,0,
2,0,dc,
4,a1,10,0,0,
3,0,0,c7,
1,45,
2,a0,4,
2,0,0,
4,dc,a1,10,0,
4,0,0,0,c7,
1,45,
3,a0,4,0,
2,0,dc,
4,a1,10,0,0,
4,0,0,c7,45,
2,a0,4,
3,0,0,dc,
3,a1,10,0,
4,0,0,0,c7,
1,45,
2,a0,4,
3,0,0,dc,
3,a1,10,0,
4,0,0,0,c7,
1,45,
2,a0,4,
2,0,0,
4,dc,a1,10,0,
4,0,0,0,c7,
1,45,
2,a0,4,
2,0,0,
3,dc,a1,10,
4,0,0,0,0,
2,c7,45,
1,a0,
2,4,0,
4,0,dc,a1,10,
4,0,0,0,0,
2,c7,45,
2,a0,4,
2,0,0,
3,dc,a1,10,
4,0,0,0,0,
2,c7,45,
2,a0,4,
2,0,0,
4,dc,a1,10,0,
4,0,0,0,c7,
1,45,
13,a0,4,0,0,dc,a1,10,0,0,0,0,c7,45,
13,a0,4,0,0,dc,a1,10,0,0,0,0,c7,45,
13,a0,4,0,0,dc,a1,10,0,0,0,0,c7,45,
13,a0,4,0,0,dc,a1,10,0,0,0,0,c7,45,
13,a0,4,0,0,dc,a1,10,0,0,0,0,c7,45,
13,a0,4,0,0,dc,a1,10,0,0,0,0,c7,45,
13,a0,4,0,0,dc,a1,10,0,0,0,0,c7,45,
2,a0,4,
2,0,0,
3,dc,a1,10,
4,0,0,0,0,
2,c7,45,
2,a0,4,
4,0,0,dc,a1,
2,10,0,
4,0,0,0,c7,
1,45,
2,a0,4,
2,0,0,
4,dc,a1,10,0,
4,0,0,0,c7,
1,45,
2,a0,4,
2,0,0,
4,dc,a1,10,0,
4,0,0,0,c7,
1,45,
2,a0,4,
2,0,0,
4,dc,a1,10,0,
4,0,0,0,c7,
1,45,
2,a0,4,
2,0,0,
4,dc,a1,10,0,
4,0,0,0,c7,
1,45,
3,a0,4,0,
2,0,dc,
4,a1,10,0,0,
4,0,0,c7,45,
1,a0,
6,4,0,0,dc,a1,10,
6,0,0,0,0,c7,45,
1,a0,
2,4,0,
4,0,dc,a1,10,
4,0,0,0,0,
2,c7,45,
1,a0,
2,4,0,
4,0,dc,a1,10,
3,0,0,0,
3,0,c7,45,
3,a0,4,0,
2,0,dc,
4,a1,10,0,0,
3,0,0,c7,
1,45,
2,a0,4,
2,0,0,
4,dc,a1,10,0,
4,0,0,0,c7,
1,45,
13,a0,4,0,0,dc,a1,10,0,0,0,0,c7,45,
13,a0,4,0,0,dc,a1,10,0,0,0,0,c7,45,
13,a0,4,0,0,dc,a1,10,0,0,0,0,c7,45,
13,a0,4,0,0,dc,a1,10,0,0,0,0,c7,45,
13,a0,4,0,0,dc,a1,10,0,0,0,0,c7,45,
13,a0,4,0,0,dc,a1,10,0,0,0,0,c7,45,
13,a0,4,0,0,dc,a1,10,0,0,0,0,c7,45,
4,a0,4,0,0,
5,dc,a1,10,0,0,
2,0,0,
2,c7,45,
2,a0,4,
2,0,0,
3,dc,a1,10,
3,0,0,0,
3,0,c7,45,
1,a0,
2,4,0,
8,0,dc,a1,10,0,0,0,0,
2,c7,45,
2,a0,4,
2,0,0,
3,dc,a1,10,
4,0,0,0,0,
2,c7,45,
3,a0,4,0,
5,0,dc,a1,10,0,
2,0,0,
3,0,c7,45,
3,a0,4,0,
5,0,dc,a1,10,0,
2,0,0,
3,0,c7,45,
2,a0,4,
4,0,0,dc,a1,
4,10,0,0,0,
3,0,c7,45,
2,a0,4,
4,0,0,dc,a1,
4,10,0,0,0,
3,0,c7,45,
2,a0,4,
4,0,0,dc,a1,
3,10,0,0,
4,0,0,c7,45,
2,a0,4,
5,0,0,dc,a1,10,
4,0,0,0,0,
2,c7,45,
3,a0,4,0,
4,0,dc,a1,10,
2,0,0,
4,0,0,c7,45,
13,a0,4,0,0,dc,a1,10,0,0,0,0,c7,45,
13,a0,4,0,0,dc,a1,10,0,0,0,0,c7,45,
13,a0,4,0,0,dc,a1,10,0,0,0,0,c7,45,
13,a0,4,0,0,dc,a1,10,0,0,0,0,c7,45,
13,a0,4,0,0,dc,a1,10,0,0,0,0,c7,45,
13,a0,4,0,0,dc,a1,10,0,0,0,0,c7,45,
13,a0,4,0,0,dc,a1,10,0,0,0,0,c7,45,
5,a0,4,0,0,dc,
2,a1,10,
4,0,0,0,0,
2,c7,45,
1,a0,
4,4,0,0,dc,
2,a1,10,
4,0,0,0,0,
2,c7,45,
3,a0,4,0,
2,0,dc,
4,a1,10,0,0,
4,0,0,c7,45,
1,a0,
2,4,0,
4,0,dc,a1,10,
4,0,0,0,0,
2,c7,45,
2,a0,4,
2,0,0,
5,dc,a1,10,0,0,
3,0,0,c7,
1,45,
3,a0,4,0,
2,0,dc,
4,a1,10,0,0,
3,0,0,c7,
1,45,
2,a0,4,
2,0,0,
4,dc,a1,10,0,
4,0,0,0,c7,
1,45,
2,a0,4,
11,0,0,dc,a1,10,0,0,0,0,c7,45,
2,a0,4,
2,0,0,
3,dc,a1,10,
4,0,0,0,0,
2,c7,45,
3,a0,4,0,
2,0,dc,
3,a1,10,0,
4,0,0,0,c7,
1,45,
3,a0,4,0,
2,0,dc,
3,a1,10,0,
4,0,0,0,c7,
1,45,
1,a0,
2,4,0,
4,0,dc,a1,10,
3,0,0,0,
3,0,c7,45,
1,a0,
2,4,0,
4,0,dc,a1,10,
4,0,0,0,0,
2,c7,45,
3,a0,4,0,
3,0,dc,a1,
2,10,0,
4,0,0,0,c7,
1,45,
2,a0,4,
2,0,0,
4,dc,a1,10,0,
3,0,0,0,
2,c7,45,
2,a0,4,
2,0,0,
4,dc,a1,10,0,
4,0,0,0,c7,
1,45,
2,a0,4,
2,0,0,
4,dc,a1,10,0,
4,0,0,0,c7,
1,45,
6,a0,4,0,0,dc,a1,
3,10,0,0,
4,0,0,c7,45,
1,a0,
12,4,0,0,dc,a1,10,0,0,0,0,c7,45,
3,a0,4,0,
2,0,dc,
4,a1,10,0,0,
4,0,0,c7,45,
2,a0,4,
2,0,0,
3,dc,a1,10,
4,0,0,0,0,
2,c7,45,
2,a0,4,
2,0,0,
4,dc,a1,10,0,
4,0,0,0,c7,
1,45,
3,a0,4,0,
2,0,dc,
4,a1,10,0,0,
3,0,0,c7,
1,45,
3,a0,4,0,
2,0,dc,
4,a1,10,0,0,
3,0,0,c7,
1,45,
2,a0,4,
2,0,0,
4,dc,a1,10,0,
3,0,0,0,
2,c7,45,
2,a0,4,
2,0,0,
4,dc,a1,10,0,
4,0,0,0,c7,
1,45,
2,a0,4,
2,0,0,
4,dc,a1,10,0,
3,0,0,0,
2,c7,45,
1,a0,
12,4,0,0,dc,a1,10,0,0,0,0,c7,45,
2,a0,4,
2,0,0,
4,dc,a1,10,0,
3,0,0,0,
2,c7,45,
2,a0,4,
3,0,0,dc,
2,a1,10,
4,0,0,0,0,
2,c7,45,
2,a0,4,
2,0,0,
3,dc,a1,10,
4,0,0,0,0,
2,c7,45,
1,a0,
2,4,0,
4,0,dc,a1,10,
4,0,0,0,0,
2,c7,45,
4,a0,4,0,0,
4,dc,a1,10,0,
3,0,0,0,
2,c7,45,
3,a0,4,0,
4,0,dc,a1,10,
4,0,0,0,0,
2,c7,45,
3,a0,4,0,
10,0,dc,a1,10,0,0,0,0,c7,45,
2,a0,4,
5,0,0,dc,a1,10,
3,0,0,0,
3,0,c7,45,
3,a0,4,0,
4,0,dc,a1,10,
3,0,0,0,
3,0,c7,45,
2,a0,4,
4,0,0,dc,a1,
4,10,0,0,0,
3,0,c7,45,
2,a0,4,
5,0,0,dc,a1,10,
6,0,0,0,0,c7,45,
4,a0,4,0,0,
2,dc,a1,
3,10,0,0,
4,0,0,c7,45,
9,a0,4,0,0,dc,a1,10,0,0,
2,0,0,
2,c7,45,
2,a0,4,
7,0,0,dc,a1,10,0,0,
3,0,0,c7,
1,45,
3,a0,4,0,
3,0,dc,a1,
2,10,0,
4,0,0,0,c7,
1,45,
2,a0,4,
2,0,0,
5,dc,a1,10,0,0,
3,0,0,c7,
1,45,
2,a0,4,
2,0,0,
4,dc,a1,10,0,
4,0,0,0,c7,
1,45,
2,a0,4,
2,0,0,
4,dc,a1,10,0,
4,0,0,0,c7,
1,45,
2,a0,4,
2,0,0,
3,dc,a1,10,
4,0,0,0,0,
2,c7,45,
1,a0,
2,4,0,
5,0,dc,a1,10,0,
3,0,0,0,
2,c7,45,
2,a0,4,
3,0,0,dc,
2,a1,10,
4,0,0,0,0,
2,c7,45,
1,a0,
1,4,
4,0,0,dc,a1,
5,10,0,0,0,0,
2,c7,45,
2,a0,4,
2,0,0,
4,dc,a1,10,0,
4,0,0,0,c7,
1,45,
4,a0,4,0,0,
3,dc,a1,10,
2,0,0,
4,0,0,c7,45,
3,a0,4,0,
2,0,dc,
4,a1,10,0,0,
3,0,0,c7,
1,45,
1,a0,
2,4,0,
4,0,dc,a1,10,
4,0,0,0,0,
2,c7,45,
3,a0,4,0,
2,0,dc,
4,a1,10,0,0,
4,0,0,c7,45,
1,a0,
3,4,0,0,
2,dc,a1,
5,10,0,0,0,0,
2,c7,45,
1,a0,
1,4,
4,0,0,dc,a1,
4,10,0,0,0,
3,0,c7,45,
2,a0,4,
2,0,0,
4,dc,a1,10,0,
5,0,0,0,c7,45,
2,a0,4,
2,0,0,
4,dc,a1,10,0,
3,0,0,0,
2,c7,45,
3,a0,4,0,
2,0,dc,
3,a1,10,0,
4,0,0,0,c7,
1,45,
2,a0,4,
2,0,0,
4,dc,a1,10,0,
4,0,0,0,c7,
1,45,
1,a0,
3,4,0,0,
2,dc,a1,
4,10,0,0,0,
3,0,c7,45,
1,a0,
2,4,0,
4,0,dc,a1,10,
4,0,0,0,0,
2,c7,45,
2,a0,4,
2,0,0,
4,dc,a1,10,0,
4,0,0,0,c7,
1,45,
1,a0,
2,4,0,
4,0,dc,a1,10,
4,0,0,0,0,
2,c7,45,
2,a0,4,
2,0,0,
4,dc,a1,10,0,
4,0,0,0,c7,
1,45,
4,a0,4,0,0,
2,dc,a1,
3,10,0,0,
4,0,0,c7,45,
2,a0,4,
2,0,0,
3,dc,a1,10,
4,0,0,0,0,
2,c7,45,
3,a0,4,0,
3,0,dc,a1,
2,10,0,
4,0,0,0,c7,
1,45,
3,a0,4,0,
2,0,dc,
3,a1,10,0,
4,0,0,0,c7,
1,45,
1,0,
